      0 19.7181   49.05
      0 19.7181   49.05
      0 19.7181 49.0461
      0 19.7181 49.0345
      0 19.7181 49.0151
      0 19.7181  48.988
      0 19.7181 48.9532
      0 19.7181 48.9106
      0 19.7181 48.8604
      0 19.7181 48.8023
      0 19.7181 48.7366
      0 19.7181 48.6632
      0 19.7181 48.5821
      0 19.7181 48.4934
      0 19.7181 48.3969
      0 19.7181 48.2929
      0 19.7181 48.1812
      0 19.7181 48.0619
      0 19.7181  47.935
      0 19.7181 47.8005
      0 19.7181 47.6585
      0 19.7181  47.509
      0 19.7181  47.352
      0 19.7181 47.1875
      0 19.7181 47.0155
      0 19.7181 46.8361
      0 19.7181 46.6493
      0 19.7181 46.4552
      0 19.7181 46.2537
      0 19.7181 46.0449
      0 19.7181 45.8288
      0 19.7181 45.6055
      0 19.7181  45.375
      0 19.7181 45.1374
      0 19.7181 44.8926
      0 19.7181 44.6407
      0 19.7181 44.3818
      0 19.7181 44.1158
      0 19.7181 43.8429
      0 19.7181 43.5631
      0 19.7181 43.2764
      0 19.7181 42.9828
      0 19.7181 42.6825
      0 19.7181 42.3754
      0 19.7181 42.0617
      0 19.7181 41.7413
      0 19.7181 41.4143
      0 19.7181 41.0808
      0 19.7181 40.7407
      0 19.7181 40.3943
      0 19.7181 40.0414
      0 19.7181 39.6823
      0 19.7181 39.3169
      0 19.7181 38.9452
      0 19.7181 38.5674
      0 19.7181 38.1836
      0 19.7181 37.7937
      0 19.7181 37.3978
      0 19.7181  36.996
      0 19.7181 36.5884
      0 19.7181  36.175
      0 19.7181 35.7559
      0 19.7181 35.3312
      0 19.7181 34.9008
      0 19.7181  34.465
      0 19.7181 34.0237
      0 19.7181  33.577
      0 19.7181 33.1251
      0 19.7181 32.6679
      0 19.7181 32.2055
      0 19.7181 31.7381
      0 19.7181 31.2656
      0 19.7181 30.7883
      0 19.7181  30.306
      0 19.7181  29.819
      0 19.7181 29.3272
      0 19.7181 28.8309
      0 19.7181 28.3299
      0 19.7181 27.8245
      0 19.7181 27.3147
      0 19.7181 26.8006
      0 19.7181 26.2823
      0 19.7181 25.7598
      0 19.7181 25.2333
      0 19.7181 24.7027
      0 19.7181 24.1683
      0 19.7181   23.63
      0 19.7181  23.088
      0 19.7181 22.5424
      0 19.7181 21.9932
      0 19.7181 21.4405
      0 19.7181 20.8845
      0 19.7181 20.3251
      0 19.7181 19.7626
      0 19.7181 19.1969
      0 19.7181 18.6282
      0 19.7181 18.0565
      0 19.7181  17.482
      0 19.7181 16.9047
      0 19.7181 16.3248
      0 19.7181 15.7423
      0 19.7181 15.1573
      0 19.7181 14.5699
      0 19.7181 13.9802
      0 19.7181 13.3883
      0 19.7181 12.7943
      0 19.7181 12.1982
      0 19.7181 11.6003
      0 19.7181 11.0005
      0 19.7181 10.3989
      0 19.7181 9.79577
      0 19.7181 9.19105
      0 19.7181 8.58488
      0 19.7181 7.97735
      0 19.7181 7.36857
      0 19.7181 6.75861
      0 19.7181  6.1476
      0 19.7181 5.53561
      0 19.7181 4.92274
      0 19.7181  4.3091
      0 19.7181 3.69478
      0 19.7181 3.07987
      0 19.7181 2.46448
      0 19.7181  1.8487
      0 19.7181 1.23263
       0  19.7181 0.616364
      0 19.7181       0
        0   19.7181 -0.616364
       0  19.7181 -1.23263
      0 19.7181 -1.8487
       0  19.7181 -2.46448
       0  19.7181 -3.07987
       0  19.7181 -3.69478
      0 19.7181 -4.3091
       0  19.7181 -4.92274
       0  19.7181 -5.53561
      0 19.7181 -6.1476
       0  19.7181 -6.75861
       0  19.7181 -7.36857
       0  19.7181 -7.97735
       0  19.7181 -8.58488
       0  19.7181 -9.19105
       0  19.7181 -9.79577
       0  19.7181 -10.3989
       0  19.7181 -11.0005
       0  19.7181 -11.6003
       0  19.7181 -12.1982
       0  19.7181 -12.7943
       0  19.7181 -13.3883
       0  19.7181 -13.9802
       0  19.7181 -14.5699
       0  19.7181 -15.1573
       0  19.7181 -15.7423
       0  19.7181 -16.3248
       0  19.7181 -16.9047
      0 19.7181 -17.482
       0  19.7181 -18.0565
       0  19.7181 -18.6282
       0  19.7181 -19.1969
       0  19.7181 -19.7626
       0  19.7181 -20.3251
       0  19.7181 -20.8845
       0  19.7181 -21.4405
       0  19.7181 -21.9932
       0  19.7181 -22.5424
      0 19.7181 -23.088
      0 19.7181  -23.63
       0  19.7181 -24.1683
       0  19.7181 -24.7027
       0  19.7181 -25.2333
       0  19.7181 -25.7598
       0  19.7181 -26.2823
       0  19.7181 -26.8006
       0  19.7181 -27.3147
       0  19.7181 -27.8245
       0  19.7181 -28.3299
       0  19.7181 -28.8309
       0  19.7181 -29.3272
      0 19.7181 -29.819
      0 19.7181 -30.306
       0  19.7181 -30.7883
       0  19.7181 -31.2656
       0  19.7181 -31.7381
       0  19.7181 -32.2055
       0  19.7181 -32.6679
       0  19.7181 -33.1251
      0 19.7181 -33.577
       0  19.7181 -34.0237
      0 19.7181 -34.465
       0  19.7181 -34.9008
       0  19.7181 -35.3312
       0  19.7181 -35.7559
      0 19.7181 -36.175
       0  19.7181 -36.5884
      0 19.7181 -36.996
       0  19.7181 -37.3978
       0  19.7181 -37.7937
       0  19.7181 -38.1836
       0  19.7181 -38.5674
       0  19.7181 -38.9452
       0  19.7181 -39.3169
       0  19.7181 -39.6823
       0  19.7181 -40.0414
       0  19.7181 -40.3943
       0  19.7181 -40.7407
       0  19.7181 -41.0808
       0  19.7181 -41.4143
       0  19.7181 -41.7413
       0  19.7181 -42.0617
       0  19.7181 -42.3754
       0  19.7181 -42.6825
       0  19.7181 -42.9828
       0  19.7181 -43.2764
       0  19.7181 -43.5631
       0  19.7181 -43.8429
       0  19.7181 -44.1158
       0  19.7181 -44.3818
       0  19.7181 -44.6407
       0  19.7181 -44.8926
       0  19.7181 -45.1374
      0 19.7181 -45.375
       0  19.7181 -45.6055
       0  19.7181 -45.8288
       0  19.7181 -46.0449
       0  19.7181 -46.2537
       0  19.7181 -46.4552
       0  19.7181 -46.6493
       0  19.7181 -46.8361
       0  19.7181 -47.0155
       0  19.7181 -47.1875
      0 19.7181 -47.352
      0 19.7181 -47.509
       0  19.7181 -47.6585
       0  19.7181 -47.8005
      0 19.7181 -47.935
       0  19.7181 -48.0619
       0  19.7181 -48.1812
       0  19.7181 -48.2929
       0  19.7181 -48.3969
       0  19.7181 -48.4934
       0  19.7181 -48.5821
       0  19.7181 -48.6632
       0  19.7181 -48.7366
       0  19.7181 -48.8023
       0  19.7181 -48.8604
       0  19.7181 -48.9106
       0  19.7181 -48.9532
      0 19.7181 -48.988
       0  19.7181 -49.0151
       0  19.7181 -49.0345
       0  19.7181 -49.0461
